0.728546
0.337275
0.41296
0.578653
0.405795
0.388704
0.499475
0.329149
0.515801
0.101274
0.0855427
0.402576
0.0111995
0.739567
0.493142
0.767804
0.801299
0.537318
0.205941
0.566569
0.120436
0.936364
0.583624
0.0744405
0.0563804
0.141424
0.808386
0.804956
0.0257425
0.491904
0.153424
0.12759
0.285293
0.163985
0.208939
0.281218
0.267079
0.767766
0.74948
0.183494
0.323447
0.742043
0.150682
0.469514
0.315178
0.98906
0.344144
0.278176
0.372294
0.592453
0.848048
0.469411
0.171988
0.108639
0.635965
0.144089
0.193527
0.0289199
0.470147
0.157167
NEXT
0.618368
0.0570386
0.954333
0.00110682
0.664137
0.892775
0.923837
0.161364
0.10354
0.211521
0.122455
0.349906
0.112233
0.932904
0.365477
0.762384
0.143322
0.220973
0.566656
0.219661
0.928018
0.537322
0.353515
0.797074
0.193005
0.0647129
0.592134
0.446943
0.142773
0.649269
0.218162
0.365111
0.641309
0.885512
0.563825
0.130879
0.110576
0.375473
0.546647
0.0719342
0.803775
0.0119878
0.00707143
0.483472
0.223797
0.823834
0.540576
0.0357289
0.2591
0.869574
0.64646
0.634702
0.154327
0.147299
0.356484
0.271776
0.977419
0.542242
0.188369
0.160118
NEXT
0.269209
0.356457
0.166693
0.460558
0.798284
0.904148
0.835761
0.849373
0.845845
0.69997
0.109552
0.997208
0.125369
0.376823
0.311128
0.411403
0.623108
0.495313
0.769476
0.763915
0.650144
0.725405
0.827367
0.81672
0.10545
0.0195969
0.968336
0.410224
0.640816
0.315983
0.628743
0.910019
0.973716
0.611321
0.634255
0.989189
0.41095
0.0614917
0.116573
0.079842
0.195889
0.897167
0.436867
0.469259
0.807432
0.869861
0.270279
0.703722
0.750955
0.615896
0.112879
0.475332
0.975854
0.403101
0.771587
0.703491
0.699373
0.841672
0.257302
0.716395
NEXT
0.197802
0.121033
0.559413
0.441514
0.860107
0.396503
0.475686
0.299383
0.859757
0.383833
0.460291
0.0200361
0.979616
0.0404704
0.525616
0.899849
0.847181
0.759017
0.455902
0.193407
0.29637
0.203292
0.298689
0.00439911
0.926346
0.853229
0.744809
0.53316
0.0243061
0.561575
0.497982
0.798435
0.0872369
0.967375
0.215645
0.822752
0.560738
0.884897
0.359423
0.724466
0.905716
0.846983
0.644493
0.351095
0.551819
0.543889
0.238611
0.0400727
0.487592
0.504747
0.648751
0.771037
0.155825
0.790396
0.215237
0.333956
0.0187232
0.0503791
0.0716973
0.214041
NEXT
0.881009
0.0854812
0.979227
0.669278
0.644158
0.628643
0.408008
0.452959
0.732925
0.52333
0.929037
0.832017
0.913378
0.141997
0.0538298
0.652125
0.567134
0.0224424
0.815233
0.877971
0.181845
0.696001
0.123944
0.153042
0.598666
0.670751
0.888417
0.339914
0.046669
0.976907
0.291179
0.510715
0.496727
0.318352
0.821478
0.735988
0.138571
0.840384
0.844707
0.183084
0.186628
0.248513
0.913964
0.978386
0.250986
0.0599084
0.481317
0.568188
0.0693863
0.102449
0.894808
0.629771
0.503835
0.0176327
0.879722
0.29912
0.927268
0.382767
0.3868
0.296944
NEXT
0.302694
0.934732
0.0544382
0.952146
0.594419
0.947776
0.221009
0.363767
0.0244471
0.966867
0.0218133
0.497867
0.29882
0.858803
0.312261
0.860205
0.0884086
0.618371
0.595253
0.470837
0.377435
0.355196
0.582702
0.627233
0.930907
0.772336
0.853277
0.79783
0.447806
0.732336
0.165923
0.717575
0.0467514
0.506501
0.221237
0.613508
0.859986
0.459108
0.257028
0.798872
0.606035
0.432552
0.0116894
0.396253
0.659156
0.797684
0.685448
0.261859
0.699427
0.920809
0.0155672
0.842496
0.0499121
0.837517
0.383164
0.562284
0.811174
0.329423
0.198645
0.849274
NEXT
0.732944
0.632507
0.0483966
0.0456349
0.0920188
0.13924
0.943312
0.9033
0.3125
0.0414506
0.898267
0.270893
0.794582
0.907998
0.126498
0.971005
0.0519063
0.902665
0.632256
0.503244
0.0593769
0.305408
0.288548
0.950138
0.487538
0.89613
0.751873
0.754472
0.444936
0.379392
0.351589
0.276305
0.573816
0.511907
0.0157265
0.610954
0.0991528
0.176943
0.316234
0.198298
0.0692177
0.396494
0.542103
0.307059
0.34733
0.672148
0.151949
0.0952792
0.452526
0.0516373
0.94173
0.680653
0.994982
0.587299
0.155018
0.62045
0.919771
0.904316
0.843798
0.785447
NEXT
0.630994
0.374012
0.402147
0.329088
0.602361
0.591874
0.6581
0.171922
0.627799
0.246155
0.104292
0.515902
0.157809
0.349085
0.961042
0.154495
0.919999
0.378876
0.85996
0.495132
0.807704
0.663331
0.411196
0.187451
0.275251
0.338649
0.0841902
0.601526
0.958975
0.731602
0.0066525
0.899295
0.839798
0.0441583
0.222758
0.38379
0.143284
0.793086
0.340208
0.62206
0.00717303
0.750228
0.0771827
0.921154
0.825303
0.686434
0.420071
0.000388596
0.35577
0.707979
0.36505
0.639051
0.271366
0.254885
0.786454
0.946873
0.157686
0.826947
0.185114
0.833738
NEXT
0.330996
0.761072
0.335501
0.0544626
0.117332
0.928344
0.99028
0.654974
0.356099
0.466298
0.229248
0.531933
0.432517
0.917913
0.650879
0.314233
0.79108
0.743486
0.588625
0.673791
0.920434
0.578985
0.581712
0.0446262
0.211702
0.268359
0.684355
0.296856
0.721263
0.410694
0.92162
0.135799
0.198702
0.773253
0.454423
0.450888
0.589189
0.708067
0.494293
0.340416
0.552186
0.152359
0.3053
0.764532
0.142206
0.798232
0.198951
0.398946
0.219219
0.110323
0.203887
0.959926
0.310606
0.134869
0.471543
0.315656
0.577389
0.11712
0.143274
0.59504
NEXT
0.028126
0.611991
0.234753
0.369724
0.465417
0.343778
0.735681
0.788474
0.540033
0.0336906
0.124689
0.118899
0.809151
0.721445
0.549331
0.478785
0.242695
0.715692
0.949049
0.454805
0.674004
0.576406
0.062582
0.443241
0.768597
0.611383
0.000408467
0.603172
0.15379
0.239599
0.421846
0.901383
0.86196
0.982316
0.149362
0.772791
0.868638
0.132937
0.101485
0.491695
0.161644
0.302783
0.223585
0.21588
0.903813
0.40679
0.379155
0.147
0.780126
0.463414
0.230952
0.745373
0.0322832
0.674317
0.252166
0.529024
0.153173
0.942555
0.0131757
0.899175
NEXT
